-61.53570467708682
84.65978463461698
36.17109129257466
25.883224783500907
-3.992018690164784
92.41948281372677
59.531860974555656
-77.10322966481178
88.10327835028522
-41.3635508003056
72.65654808839432
-83.64959268126897
74.70233234265774
39.03278948003151
-70.5013114863698
-11.296230910325036
17.574359002505574
82.53699395350876
49.44872815960832
-82.6319386508289
-55.76138299157458
45.79603262168902
45.62027940517223
-37.93063036886268
49.24804951448999
3.757716824564568
-72.72113644355787
13.78204821517069
69.0683877054393
-70.65827494975917
37.59672355762041
46.65654860252246
-51.82080474156516
-50.15314518912317
-10.165142173348272
47.88231101286493
19.503611626890745
-83.29574430579878
32.26586984275096
-49.61544934304405
-53.95780880976262
-25.335602912410124
52.693455952025204
-14.128109546830615
69.51367051622302
-61.82460744321683
2.338242390858696
-39.66222245155953
-19.403838959199035
32.51758882294379
